<?xml version="1.0"?>
<opencv_storage>
<CornersAmount>48</CornersAmount>
<Corner_0>
  399 411</Corner_0>
<Corner_1>
  397 398</Corner_1>
<Corner_2>
  396 388</Corner_2>
<Corner_3>
  396 377</Corner_3>
<Corner_4>
  394 369</Corner_4>
<Corner_5>
  394 360</Corner_5>
<Corner_6>
  393 350</Corner_6>
<Corner_7>
  392 343</Corner_7>
<Corner_8>
  417 410</Corner_8>
<Corner_9>
  415 398</Corner_9>
<Corner_10>
  414 388</Corner_10>
<Corner_11>
  413 378</Corner_11>
<Corner_12>
  412 368</Corner_12>
<Corner_13>
  410 359</Corner_13>
<Corner_14>
  409 351</Corner_14>
<Corner_15>
  408 342</Corner_15>
<Corner_16>
  435 409</Corner_16>
<Corner_17>
  433 399</Corner_17>
<Corner_18>
  431 389</Corner_18>
<Corner_19>
  430 378</Corner_19>
<Corner_20>
  428 368</Corner_20>
<Corner_21>
  426 360</Corner_21>
<Corner_22>
  424 350</Corner_22>
<Corner_23>
  422 343</Corner_23>
<Corner_24>
  453 408</Corner_24>
<Corner_25>
  451 397</Corner_25>
<Corner_26>
  449 388</Corner_26>
<Corner_27>
  446 378</Corner_27>
<Corner_28>
  444 368</Corner_28>
<Corner_29>
  442 358</Corner_29>
<Corner_30>
  439 350</Corner_30>
<Corner_31>
  437 343</Corner_31>
<Corner_32>
  472 408</Corner_32>
<Corner_33>
  468 397</Corner_33>
<Corner_34>
  466 386</Corner_34>
<Corner_35>
  462 377</Corner_35>
<Corner_36>
  460 368</Corner_36>
<Corner_37>
  457 358</Corner_37>
<Corner_38>
  455 350</Corner_38>
<Corner_39>
  451 343</Corner_39>
<Corner_40>
  488 407</Corner_40>
<Corner_41>
  485 398</Corner_41>
<Corner_42>
  481 387</Corner_42>
<Corner_43>
  479 377</Corner_43>
<Corner_44>
  474 366</Corner_44>
<Corner_45>
  472 359</Corner_45>
<Corner_46>
  469 350</Corner_46>
<Corner_47>
  467 343</Corner_47>
</opencv_storage>
