<?xml version="1.0"?>
<opencv_storage>
<CornersAmount>48</CornersAmount>
<Corner_0>
  357 302</Corner_0>
<Corner_1>
  368 305</Corner_1>
<Corner_2>
  377 307</Corner_2>
<Corner_3>
  387 310</Corner_3>
<Corner_4>
  397 312</Corner_4>
<Corner_5>
  407 315</Corner_5>
<Corner_6>
  418 318</Corner_6>
<Corner_7>
  429 321</Corner_7>
<Corner_8>
  349 305</Corner_8>
<Corner_9>
  359 307</Corner_9>
<Corner_10>
  369 310</Corner_10>
<Corner_11>
  379 313</Corner_11>
<Corner_12>
  389 316</Corner_12>
<Corner_13>
  399 318</Corner_13>
<Corner_14>
  410 321</Corner_14>
<Corner_15>
  422 324</Corner_15>
<Corner_16>
  341 308</Corner_16>
<Corner_17>
  350 311</Corner_17>
<Corner_18>
  360 313</Corner_18>
<Corner_19>
  370 316</Corner_19>
<Corner_20>
  381 319</Corner_20>
<Corner_21>
  391 322</Corner_21>
<Corner_22>
  403 325</Corner_22>
<Corner_23>
  414 329</Corner_23>
<Corner_24>
  332 311</Corner_24>
<Corner_25>
  342 313</Corner_25>
<Corner_26>
  350 316</Corner_26>
<Corner_27>
  361 319</Corner_27>
<Corner_28>
  372 323</Corner_28>
<Corner_29>
  383 325</Corner_29>
<Corner_30>
  394 329</Corner_30>
<Corner_31>
  406 332</Corner_31>
<Corner_32>
  323 314</Corner_32>
<Corner_33>
  332 317</Corner_33>
<Corner_34>
  342 320</Corner_34>
<Corner_35>
  352 323</Corner_35>
<Corner_36>
  363 326</Corner_36>
<Corner_37>
  374 329</Corner_37>
<Corner_38>
  385 332</Corner_38>
<Corner_39>
  396 337</Corner_39>
<Corner_40>
  313 317</Corner_40>
<Corner_41>
  323 320</Corner_41>
<Corner_42>
  333 323</Corner_42>
<Corner_43>
  343 327</Corner_43>
<Corner_44>
  354 330</Corner_44>
<Corner_45>
  365 333</Corner_45>
<Corner_46>
  376 337</Corner_46>
<Corner_47>
  388 340</Corner_47>
</opencv_storage>
