<?xml version="1.0"?>
<opencv_storage>
<CameraMatrix type_id="opencv-matrix">
  <rows>3</rows>
  <cols>3</cols>
  <dt>f</dt>
  <data>
    4.88728271e+02 0. 3.40780762e+02 0. 4.95281830e+02 2.43219528e+02 0.
    0. 1.</data></CameraMatrix>
<DistortionCoeffs type_id="opencv-matrix">
  <rows>5</rows>
  <cols>1</cols>
  <dt>f</dt>
  <data>
    -3.78491908e-01 1.88724712e-01 -1.35685410e-03 -6.70060655e-03
    -5.84242679e-02</data></DistortionCoeffs>
<RotationValues type_id="opencv-matrix">
  <rows>3</rows>
  <cols>1</cols>
  <dt>f</dt>
  <data>
    1.60910988e+00 5.91434121e-01 -5.18283904e-01</data></RotationValues>
<TranslationValues type_id="opencv-matrix">
  <rows>3</rows>
  <cols>1</cols>
  <dt>f</dt>
  <data>
    -9.33097778e+02 9.02702332e+02 4.04834326e+03</data></TranslationValues>
</opencv_storage>
