<?xml version="1.0"?>
<opencv_storage>
<CornersAmount>48</CornersAmount>
<Corner_0>
  316 306</Corner_0>
<Corner_1>
  325 311</Corner_1>
<Corner_2>
  333 316</Corner_2>
<Corner_3>
  343 320</Corner_3>
<Corner_4>
  353 325</Corner_4>
<Corner_5>
  364 331</Corner_5>
<Corner_6>
  373 334</Corner_6>
<Corner_7>
  385 342</Corner_7>
<Corner_8>
  307 311</Corner_8>
<Corner_9>
  314 315</Corner_9>
<Corner_10>
  323 320</Corner_10>
<Corner_11>
  332 324</Corner_11>
<Corner_12>
  343 331</Corner_12>
<Corner_13>
  352 335</Corner_13>
<Corner_14>
  364 341</Corner_14>
<Corner_15>
  375 348</Corner_15>
<Corner_16>
  295 314</Corner_16>
<Corner_17>
  304 319</Corner_17>
<Corner_18>
  313 325</Corner_18>
<Corner_19>
  322 329</Corner_19>
<Corner_20>
  332 335</Corner_20>
<Corner_21>
  342 342</Corner_21>
<Corner_22>
  352 346</Corner_22>
<Corner_23>
  364 353</Corner_23>
<Corner_24>
  284 319</Corner_24>
<Corner_25>
  294 323</Corner_25>
<Corner_26>
  302 329</Corner_26>
<Corner_27>
  310 334</Corner_27>
<Corner_28>
  320 340</Corner_28>
<Corner_29>
  332 346</Corner_29>
<Corner_30>
  342 352</Corner_30>
<Corner_31>
  351 360</Corner_31>
<Corner_32>
  273 323</Corner_32>
<Corner_33>
  281 328</Corner_33>
<Corner_34>
  290 334</Corner_34>
<Corner_35>
  299 339</Corner_35>
<Corner_36>
  309 345</Corner_36>
<Corner_37>
  318 351</Corner_37>
<Corner_38>
  328 358</Corner_38>
<Corner_39>
  340 364</Corner_39>
<Corner_40>
  261 328</Corner_40>
<Corner_41>
  269 334</Corner_41>
<Corner_42>
  278 339</Corner_42>
<Corner_43>
  287 344</Corner_43>
<Corner_44>
  298 352</Corner_44>
<Corner_45>
  307 359</Corner_45>
<Corner_46>
  318 365</Corner_46>
<Corner_47>
  327 371</Corner_47>
</opencv_storage>
