<?xml version="1.0"?>
<opencv_storage>
<CameraMatrix type_id="opencv-matrix">
  <rows>3</rows>
  <cols>3</cols>
  <dt>f</dt>
  <data>
    4.93809845e+02 0. 3.32108765e+02 0. 4.98176666e+02 2.39390335e+02 0.
    0. 1.</data></CameraMatrix>
<DistortionCoeffs type_id="opencv-matrix">
  <rows>5</rows>
  <cols>1</cols>
  <dt>f</dt>
  <data>
    -3.99642318e-01 2.29213148e-01 -1.56572810e-03 -5.98383136e-03
    -8.47303644e-02</data></DistortionCoeffs>
</opencv_storage>
