<?xml version="1.0"?>
<opencv_storage>
<calibration_time>"Fri Feb 18 15:03:41 2022"</calibration_time>
<nr_of_frames>25</nr_of_frames>
<image_width>2560</image_width>
<image_height>1440</image_height>
<board_width>9</board_width>
<board_height>6</board_height>
<square_size>50.</square_size>
<fix_aspect_ratio>1.</fix_aspect_ratio>
<!-- flags: +fix_aspectRatio +fix_principal_point +zero_tangent_dist -->
<flags>14</flags>
<fisheye_model>0</fisheye_model>
<camera_matrix type_id="opencv-matrix">
  <rows>3</rows>
  <cols>3</cols>
  <dt>d</dt>
  <data>
    1.9033278671150688e+03 0. 1.2795000000000000e+03 0.
    1.9033278671150688e+03 7.1950000000000000e+02 0. 0. 1.</data></camera_matrix>
<distortion_coefficients type_id="opencv-matrix">
  <rows>5</rows>
  <cols>1</cols>
  <dt>d</dt>
  <data>
    -2.7898707797351663e-01 -3.4036261015116137e-01 0. 0.
    8.0818412466709100e-01</data></distortion_coefficients>
<avg_reprojection_error>1.3790157435830006e+00</avg_reprojection_error>
<per_view_reprojection_errors type_id="opencv-matrix">
  <rows>25</rows>
  <cols>1</cols>
  <dt>f</dt>
  <data>
    9.59364474e-01 9.99895215e-01 9.66940761e-01 1.45938432e+00
    1.13317132e+00 2.02746201e+00 8.27408195e-01 1.10429931e+00
    1.00766933e+00 1.09818017e+00 9.21995819e-01 1.12175882e+00
    1.57367778e+00 2.45718789e+00 2.27829933e+00 1.31761277e+00
    9.64847744e-01 1.09246790e+00 1.32149506e+00 1.47505057e+00
    1.53244197e+00 1.01881933e+00 1.07264280e+00 1.43109703e+00
    1.68999636e+00</data></per_view_reprojection_errors>
<!-- a set of 6-tuples (rotation vector + translation vector) for each view -->
<extrinsic_parameters type_id="opencv-matrix">
  <rows>25</rows>
  <cols>6</cols>
  <dt>d</dt>
  <data>
    -4.6943397460490255e-01 2.4046441895461418e-01
    7.1980986828828050e-03 -9.6283296366705315e+01
    -2.0639431117495342e+01 1.0312634059997824e+03
    -2.9085262809656198e-01 2.5739768977884064e-01
    2.0632641352097622e-02 -7.7585506982072403e+01
    -1.0741204604597696e+00 9.7093087837044482e+02
    -2.4591890494845633e-01 -8.5263900491091366e-02
    -6.3040302996631284e-02 -5.0036747822759949e+01
    -5.2666423305179402e+00 9.1856247113320342e+02
    -8.1756903450108526e-02 9.1158069924718851e-02
    -5.9737170673621741e-02 -2.7166481592817821e+01
    -2.0330678179065725e+01 8.8351916158787037e+02
    -4.5545032203189695e-01 2.0909242934860239e-01
    2.6736304066304027e-02 -4.6834018656516285e+01
    -2.9700116534654999e+01 9.2861033258184602e+02
    -2.9106510381587047e-01 -2.6401999102547774e-01
    -2.1098760673602564e-02 4.6173746277954457e+01
    -5.4996809138249091e+01 8.4547188023380068e+02
    -3.8759579628052426e-01 5.7171323161952732e-02
    -1.4041467411215328e-02 -8.8864285419688849e-01
    -4.8700592005873418e+00 1.0157999792036298e+03
    -4.0112349761232230e-01 9.9592398930764159e-02
    -1.0462719246321403e-02 2.9621722218492351e+01
    -2.8570218584050693e+01 1.0024100285505879e+03
    -3.8973433749752123e-01 1.1298476672157566e-01
    -7.9148724061211418e-03 -6.7930290910252031e+00
    -2.9479525743020584e+01 9.4706078480969234e+02
    -3.4563980289533114e-01 7.8331350497852975e-02
    -2.0299245341137348e-02 4.1592075487911586e+01
    -2.2718289704070884e+01 9.7471786601767258e+02
    -3.2855359723553490e-01 1.6899296326595109e-01
    5.4308671044753553e-03 -1.0279988481509763e+02
    -1.4514848946874507e+01 1.0167382919820911e+03
    -3.7485966867158194e-01 1.6360542244768322e-01
    -6.2618151036857410e-03 -7.3640350306963583e+01
    -4.2444256298516748e+01 9.6786446598738826e+02
    -2.9588931785328693e-01 5.0185163274876876e-01
    1.0417054339977638e-01 -3.6134468882579263e+01
    -4.3544585714378137e+01 1.0229021398373717e+03
    -2.7121449504079542e-01 6.9912926595544012e-01
    1.5405785902823041e-01 -3.2030015997139657e+01
    -3.2826595017484216e+01 1.0355208449506770e+03
    -2.4852999128901943e-01 6.7001152641410067e-01
    1.0660669923787119e-01 -8.1183786907176767e+01
    -2.0188322288190367e+01 1.0237712586746321e+03
    -2.7920155568880367e-01 3.1374834593676809e-01
    1.0904057896004689e-02 -7.4544317505151341e+01
    -2.1665578428261639e+01 1.0035761573473457e+03
    -3.0032421340945226e-01 1.0370487856169223e-01
    -2.6992384249623001e-02 -6.1410660293502836e+01
    -1.4669441257778981e+01 9.9980241860553917e+02
    -3.1982868296999006e-01 -3.2465255770235749e-02
    -5.7590884980507330e-02 -3.4597968998375705e+01
    -1.5854213218306722e+01 9.9724486546124217e+02
    -3.3542635861157627e-01 -1.8202624977587648e-01
    -8.9495777934877160e-02 -4.5569251684306726e+00
    -1.1837089248669285e+01 9.9786580867580847e+02
    -3.3127244981397386e-01 -2.8199440379561685e-01
    -9.5797624155821881e-02 3.3178099693983548e+01
    -7.6642158615477429e+00 9.9970405815745164e+02
    -3.4421506696344289e-01 -2.1370061174424787e-01
    -4.5500438645062175e-02 3.0024815542514865e+01
    -1.5865124864993730e+01 1.0104779811335409e+03
    -4.2334959342107442e-01 3.5730149856752588e-02
    1.5032481596799197e-02 -1.3158316914954666e+01
    -1.7341149309546839e+01 1.0495068963939966e+03
    -5.3370390219624186e-01 1.3839433774993531e-01
    4.6527746261347570e-02 -1.7086376685416269e+01
    -4.6807628423055814e+00 1.0846886489463532e+03
    -7.1770611809265039e-01 1.3953220425309931e-01
    2.9761936345300416e-02 -2.2750793235498602e+01
    2.7514138996807995e+00 1.1204819508623341e+03
    -8.5237280039838725e-01 1.5770384584657865e-01
    5.0428060476416254e-03 -2.8103003281241673e+01
    1.2013762081401456e+01 1.1477002854959919e+03</data></extrinsic_parameters>
