<?xml version="1.0"?>
<opencv_storage>
<CameraMatrix type_id="opencv-matrix">
  <rows>3</rows>
  <cols>3</cols>
  <dt>f</dt>
  <data>
    4.84423431e+02 0. 3.27420441e+02 0. 4.86502106e+02 2.33324234e+02 0.
    0. 1.</data></CameraMatrix>
<DistortionCoeffs type_id="opencv-matrix">
  <rows>5</rows>
  <cols>1</cols>
  <dt>f</dt>
  <data>
    -4.07272041e-01 2.90308744e-01 3.85611923e-03 2.52437196e-03
    -1.85992822e-01</data></DistortionCoeffs>
<RotationValues type_id="opencv-matrix">
  <rows>3</rows>
  <cols>1</cols>
  <dt>f</dt>
  <data>
    1.42801964e+00 1.42213809e+00 -1.01018763e+00</data></RotationValues>
<TranslationValues type_id="opencv-matrix">
  <rows>3</rows>
  <cols>1</cols>
  <dt>f</dt>
  <data>
    -6.53491028e+02 9.29592163e+02 3.57815723e+03</data></TranslationValues>
</opencv_storage>
