<?xml version="1.0"?>
<opencv_storage>
<CornersAmount>48</CornersAmount>
<Corner_0>
  191 457</Corner_0>
<Corner_1>
  192 448</Corner_1>
<Corner_2>
  192 439</Corner_2>
<Corner_3>
  192 431</Corner_3>
<Corner_4>
  192 422</Corner_4>
<Corner_5>
  192 417</Corner_5>
<Corner_6>
  193 409</Corner_6>
<Corner_7>
  193 403</Corner_7>
<Corner_8>
  212 456</Corner_8>
<Corner_9>
  212 446</Corner_9>
<Corner_10>
  211 438</Corner_10>
<Corner_11>
  211 430</Corner_11>
<Corner_12>
  210 422</Corner_12>
<Corner_13>
  210 415</Corner_13>
<Corner_14>
  209 409</Corner_14>
<Corner_15>
  209 402</Corner_15>
<Corner_16>
  233 455</Corner_16>
<Corner_17>
  232 445</Corner_17>
<Corner_18>
  230 437</Corner_18>
<Corner_19>
  229 429</Corner_19>
<Corner_20>
  228 422</Corner_20>
<Corner_21>
  227 415</Corner_21>
<Corner_22>
  225 408</Corner_22>
<Corner_23>
  225 401</Corner_23>
<Corner_24>
  253 453</Corner_24>
<Corner_25>
  251 444</Corner_25>
<Corner_26>
  249 435</Corner_26>
<Corner_27>
  247 427</Corner_27>
<Corner_28>
  246 420</Corner_28>
<Corner_29>
  244 413</Corner_29>
<Corner_30>
  242 407</Corner_30>
<Corner_31>
  241 400</Corner_31>
<Corner_32>
  273 451</Corner_32>
<Corner_33>
  270 443</Corner_33>
<Corner_34>
  268 434</Corner_34>
<Corner_35>
  265 426</Corner_35>
<Corner_36>
  263 419</Corner_36>
<Corner_37>
  261 412</Corner_37>
<Corner_38>
  259 405</Corner_38>
<Corner_39>
  257 399</Corner_39>
<Corner_40>
  293 449</Corner_40>
<Corner_41>
  290 440</Corner_41>
<Corner_42>
  286 432</Corner_42>
<Corner_43>
  283 424</Corner_43>
<Corner_44>
  280 418</Corner_44>
<Corner_45>
  278 410</Corner_45>
<Corner_46>
  275 404</Corner_46>
<Corner_47>
  272 398</Corner_47>
</opencv_storage>
