<?xml version="1.0"?>
<opencv_storage>
<CameraMatrix type_id="opencv-matrix">
  <rows>3</rows>
  <cols>3</cols>
  <dt>f</dt>
  <data>
    4.83092041e+02 0. 3.18114532e+02 0. 4.82114807e+02 2.31168152e+02 0.
    0. 1.</data></CameraMatrix>
<DistortionCoeffs type_id="opencv-matrix">
  <rows>5</rows>
  <cols>1</cols>
  <dt>f</dt>
  <data>
    -3.66829574e-01 1.96310237e-01 2.62237922e-03 8.27250260e-05
    -6.76934943e-02</data></DistortionCoeffs>
<RotationValues type_id="opencv-matrix">
  <rows>3</rows>
  <cols>1</cols>
  <dt>f</dt>
  <data>
    1.60942554e+00 -2.05586985e-01 1.61531687e-01</data></RotationValues>
<TranslationValues type_id="opencv-matrix">
  <rows>3</rows>
  <cols>1</cols>
  <dt>f</dt>
  <data>
    -6.98940735e+02 1.24999756e+03 2.38876489e+03</data></TranslationValues>
</opencv_storage>
