<?xml version="1.0"?>
<opencv_storage>
<CornersAmount>48</CornersAmount>
<Corner_0>
  253 363</Corner_0>
<Corner_1>
  262 357</Corner_1>
<Corner_2>
  271 351</Corner_2>
<Corner_3>
  280 345</Corner_3>
<Corner_4>
  289 340</Corner_4>
<Corner_5>
  297 336</Corner_5>
<Corner_6>
  306 331</Corner_6>
<Corner_7>
  314 327</Corner_7>
<Corner_8>
  263 367</Corner_8>
<Corner_9>
  273 362</Corner_9>
<Corner_10>
  283 355</Corner_10>
<Corner_11>
  292 350</Corner_11>
<Corner_12>
  299 345</Corner_12>
<Corner_13>
  309 340</Corner_13>
<Corner_14>
  317 335</Corner_14>
<Corner_15>
  325 328</Corner_15>
<Corner_16>
  274 372</Corner_16>
<Corner_17>
  284 366</Corner_17>
<Corner_18>
  294 359</Corner_18>
<Corner_19>
  302 354</Corner_19>
<Corner_20>
  311 348</Corner_20>
<Corner_21>
  320 343</Corner_21>
<Corner_22>
  327 338</Corner_22>
<Corner_23>
  334 333</Corner_23>
<Corner_24>
  286 377</Corner_24>
<Corner_25>
  295 371</Corner_25>
<Corner_26>
  305 365</Corner_26>
<Corner_27>
  312 357</Corner_27>
<Corner_28>
  322 352</Corner_28>
<Corner_29>
  330 347</Corner_29>
<Corner_30>
  338 341</Corner_30>
<Corner_31>
  346 335</Corner_31>
<Corner_32>
  297 382</Corner_32>
<Corner_33>
  308 375</Corner_33>
<Corner_34>
  317 369</Corner_34>
<Corner_35>
  325 363</Corner_35>
<Corner_36>
  334 356</Corner_36>
<Corner_37>
  342 350</Corner_37>
<Corner_38>
  350 345</Corner_38>
<Corner_39>
  357 339</Corner_39>
<Corner_40>
  310 387</Corner_40>
<Corner_41>
  320 380</Corner_41>
<Corner_42>
  329 372</Corner_42>
<Corner_43>
  337 367</Corner_43>
<Corner_44>
  346 361</Corner_44>
<Corner_45>
  354 355</Corner_45>
<Corner_46>
  360 349</Corner_46>
<Corner_47>
  369 343</Corner_47>
</opencv_storage>
